1;M;-;1.0;360.0;67.2;0;0.0;2;-0.5;0;0.0;0;0.0
2;T;-;0.9084507042253521;-52.9;91.9;2;-0.0;2;-0.7;0;0.0;0;0.0
3;C;-;0.8888888888888888;-81.8;82.7;-2;-0.5;2;-0.6;2;-0.0;0;0.0
4;W;-;1.0;-42.8;89.3;-2;-0.7;2;-0.7;2;-0.0;-2;-0.0
5;L;-;1.0;-90.7;85.2;-2;-0.6;2;-0.2;0;0.0;-2;-0.0
6;R;-;0.9879032258064516;-7.9;88.6;-2;-0.7;2;-0.2;1;-0.1;-2;-0.0
7;G;-;0.8809523809523809;-9.2;84.8;-2;-0.2;2;-0.6;2;-0.0;-1;-0.1
8;V;-;0.9295774647887324;-91.0;86.4;-2;-0.2;2;-0.7;2;-0.0;0;0.0
9;T;-;0.9295774647887324;-54.8;86.7;-2;-0.6;2;-0.7;2;-0.0;-2;-0.0
10;A;-;0.6981132075471698;-78.1;86.1;-2;-0.7;2;-0.5;2;-0.0;-2;-0.0
11;T;-;0.9647887323943662;-38.3;92.9;-2;-0.7;2;-0.9;2;-0.0;-2;-0.0
12;F;-;1.0;-56.1;72.1;-2;-0.5;2;-0.5;2;-0.1;-2;-0.0
13;G;-;0.8095238095238095;-95.2;77.9;-2;-0.9;-2;-0.0;2;-0.0;0;0.0
14;R;-;0.8709677419354839;-88.3;119.6;-2;-0.5;2;-0.7;2;-0.1;-2;-0.1
15;P;-;0.9044117647058824;-99.3;90.1;0;0.0;2;-0.5;0;0.0;-2;-0.0
16;A;-;0.6226415094339622;-100.0;76.6;-2;-0.7;2;-0.9;2;-0.1;-2;-0.1
17;E;-;0.9381443298969072;-23.9;64.8;-2;-0.5;0;0.0;2;-0.0;0;0.0
18;W;-;0.8149779735682819;-53.9;75.4;-2;-0.9;2;-0.7;0;0.0;4;-0.1
19;P;-;0.8014705882352942;-64.3;97.2;0;0.0;-2;-0.0;0;0.0;0;0.0
20;G;S;0.6666666666666666;94.5;37.9;-2;-0.7;3;-0.3;1;-0.2;-3;-0.0
21;Y;S;0.8018018018018018;-98.2;5.8;1;-0.1;3;-0.5;2;-0.1;-1;-0.2
22;L;G;0.7865853658536586;-101.7;10.0;1;-0.2;3;-0.8;-4;-0.1;-1;-0.1
23;S;G;0.6846153846153846;-95.8;39.2;-3;-0.3;-1;-0.2;1;-0.2;3;-0.2
24;H;G;0.9293478260869565;-141.2;45.6;-3;-0.5;-1;-0.2;1;-0.2;-2;-0.1
25;L;-;0.774390243902439;-96.0;36.8;-3;-0.8;2;-0.6;5;-0.0;-1;-0.2
26;C;S;0.9703703703703703;-106.3;70.6;1;-0.2;-3;-0.0;-3;-0.2;0;0.0
27;G;S;0.7857142857142857;130.2;72.2;-2;-0.6;-1;-0.2;0;0.0;0;0.0
28;R;S;1.0;124.6;71.2;-3;-0.1;-2;-0.1;2;-0.1;3;-0.0
29;S;-;0.7230769230769231;146.0;82.9;1;-0.1;0;0.0;-4;-0.1;0;0.0
30;A;-;1.0;-20.9;8.2;2;-0.1;2;-1.0;-5;-0.0;-1;-0.1
31;A;-;0.6981132075471698;-95.4;98.4;-3;-0.0;2;-0.5;2;-0.0;0;0.0
32;M;-;0.648936170212766;-75.4;120.6;-2;-1.0;2;-0.8;2;-0.0;-2;-0.1
33;D;-;0.803680981595092;-80.8;110.5;-2;-0.5;4;-0.1;1;-0.1;-2;-0.0
34;L;-;0.6097560975609756;-96.1;9.2;-2;-0.8;3;-1.5;1;-0.2;-1;-0.1
35;G;T;0.4523809523809524;-54.6;-36.9;1;-0.3;-1;-0.2;3;-0.0;-2;-0.0
36;P;T;0.5735294117647058;-78.1;-17.8;0;0.0;2;-1.3;0;0.0;-1;-0.3
37;M;-;0.6063829787234043;-69.5;98.7;-3;-1.5;2;-0.4;-4;-0.1;-3;-0.0
38;R;-;0.8266129032258065;-137.0;136.5;-2;-1.3;2;-0.4;2;-0.0;-3;-0.0
39;K;-;0.5414634146341464;-117.7;135.5;-2;-0.4;2;-0.3;184;-0.0;-2;-0.0
40;S;-;0.676923076923077;-72.6;139.5;-2;-0.4;3;-0.1;1;-0.1;2;-0.1
41;Y;-;0.25225225225225223;-105.5;-137.5;-2;-0.3;181;-0.2;1;-0.3;2;-0.1
42;R;B;0.1814516129032258;-86.4;148.5;179;-1.1;181;-2.9;95;-0.1;-1;-0.3
43;G;-;0.36904761904761907;-84.6;-179.3;179;-0.2;3;-1.4;180;-0.1;-1;-0.1
44;D;G;0.8159509202453987;-65.6;-29.0;1;-0.3;3;-1.5;2;-0.2;-2;-0.0
45;R;G;1.0;-73.6;-16.5;1;-0.3;-1;-0.3;0;0.0;-3;-0.0
46;E;G;0.5567010309278351;-111.0;20.8;-3;-1.4;-1;-0.3;2;-0.1;-2;-0.2
47;A;-;0.0660377358490566;-61.6;138.4;-3;-1.5;2;-0.9;1;-0.1;-3;-0.1
48;F;-;0.030456852791878174;-86.5;102.1;172;-0.2;2;-0.2;3;-0.0;172;-0.1
49;E;-;0.4639175257731959;-108.6;167.3;-2;-0.9;3;-2.3;179;-0.1;4;-0.4
50;E;G;0.3247422680412371;-54.7;-33.8;1;-0.3;3;-1.5;-2;-0.2;-1;-0.0
51;T;G;0.823943661971831;-69.7;-13.6;1;-0.3;-1;-0.3;3;-0.0;-3;-0.0
52;H;G;0.5108695652173914;-93.7;-8.5;-3;-2.3;-1;-0.3;3;-0.0;-2;-0.2
53;L;-;0.13414634146341464;-55.5;127.4;-3;-1.5;3;-0.1;-4;-0.4;8;-0.0
54;T;S;0.6971830985915493;-74.1;-27.6;1;-0.3;2;-0.3;-2;-0.1;-1;-0.2
55;S;-;0.12307692307692308;-152.3;148.9;3;-0.0;-1;-0.3;1;-0.0;6;-0.1
56;L;S;0.3902439024390244;-89.2;1.8;-2;-0.3;195;-2.2;-3;-0.1;198;-0.1
57;D;S;0.06748466257668712;-91.8;111.5;193;-0.2;4;-2.5;1;-0.1;3;-0.5
58;P;H;0.0;-63.0;-26.9;0;0.0;4;-2.5;0;0.0;5;-0.1
59;V;H;0.14788732394366197;-71.1;-39.7;2;-0.2;4;-2.3;1;-0.2;5;-0.1
60;K;H;0.551219512195122;-67.2;-37.9;-3;-0.5;4;-2.0;2;-0.2;-1;-0.2
61;Q;H;0.0;-60.5;-46.0;-4;-2.5;4;-2.0;2;-0.2;-2;-0.2
62;F;H;0.0;-55.6;-44.0;-4;-2.5;4;-3.4;1;-0.2;5;-0.2
63;A;H;0.33962264150943394;-59.4;-41.0;-4;-2.3;4;-2.3;1;-0.2;-1;-0.2
64;A;H;0.16037735849056603;-62.9;-43.8;-4;-2.0;4;-1.7;2;-0.2;-1;-0.2
65;W;H;0.013215859030837005;-70.1;-40.3;-4;-2.0;4;-2.4;1;-0.2;-2;-0.2
66;F;H;0.18274111675126903;-59.8;-41.1;-4;-3.4;4;-2.4;2;-0.2;-1;-0.2
67;E;H;0.6494845360824743;-61.9;-41.5;-4;-2.3;4;-1.8;1;-0.2;-1;-0.2
68;E;H;0.41237113402061853;-61.9;-42.1;-4;-1.7;4;-0.7;1;-0.2;-1;-0.2
69;A;H;0.0;-63.6;-39.8;-4;-2.4;3;-0.8;1;-0.2;6;-0.2
70;V;H;0.528169014084507;-64.9;-35.2;-4;-2.4;-1;-0.2;1;-0.2;-2;-0.2
71;Q;H;0.7121212121212122;-84.8;-8.8;-4;-1.8;-1;-0.2;-5;-0.2;-2;-0.2
72;C;-;0.16296296296296298;-84.7;118.0;-3;-0.8;3;-1.8;-4;-0.7;6;-0.1
73;P;T;0.875;-65.4;-21.4;0;0.0;-1;-0.1;0;0.0;-4;-0.0
74;D;T;0.7423312883435583;-89.9;-2.5;1;-0.1;2;-0.7;-3;-0.0;60;-0.1
75;I;-;0.1301775147928994;-101.1;111.1;-3;-1.8;3;-0.3;-6;-0.2;-1;-0.1
76;G;S;0.9166666666666666;-71.5;-52.7;-2;-0.7;2;-0.4;1;-0.2;-1;-0.2
77;E;-;0.6237113402061856;-126.9;89.9;1;-0.1;3;-2.0;3;-0.0;-1;-0.2
78;A;T;0.08490566037735849;-63.3;-26.9;-2;-0.4;-1;-0.1;-3;-0.3;-8;-0.1
79;N;T;0.267515923566879;-89.6;0.6;-10;-0.1;20;-3.3;20;-0.1;-1;-0.3
80;A;E;0.2169811320754717;-64.7;132.3;-3;-2.0;2;-0.3;18;-0.2;52;-0.3
81;M;E;0.0;-138.3;145.1;16;-3.9;16;-4.2;-2;-0.2;2;-0.6
82;C;E;0.22962962962962963;-84.6;121.4;48;-2.6;48;-1.9;-2;-0.3;2;-0.6
83;L;E;0.0;-99.7;118.6;12;-3.2;12;-1.5;-2;-0.6;2;-0.5
84;A;E;0.27358490566037735;-110.7;125.9;44;-2.9;44;-2.0;-2;-0.6;2;-0.3
85;T;E;0.035211267605633804;-127.9;168.6;8;-2.3;8;-2.4;-2;-0.5;2;-0.3
86;C;E;0.22962962962962963;-143.9;149.9;40;-0.4;40;-0.2;38;-0.3;38;-0.1
87;T;-;0.28169014084507044;-62.8;168.2;4;-1.9;3;-2.0;-2;-0.3;33;-0.1
88;R;T;0.8669354838709677;-61.0;-24.5;1;-0.3;-1;-0.1;2;-0.1;32;-0.0
89;D;T;0.9079754601226994;-90.1;1.4;2;-0.1;-1;-0.3;1;-0.0;-2;-0.0
90;G;-;0.5714285714285714;90.3;20.4;-3;-2.0;-2;-0.1;1;-0.2;-1;-0.0
91;K;-;0.6731707317073171;-87.6;113.2;2;-0.0;-4;-1.9;0;0.0;-1;-0.2
92;P;E;0.7573529411764706;-82.4;151.5;0;0.0;2;-0.3;0;0.0;-6;-0.3
93;S;E;0.2153846153846154;-141.6;144.0;-8;-2.4;-8;-2.3;-2;-0.1;2;-0.3
94;A;E;0.5660377358490566;-142.2;139.2;-2;-0.3;2;-0.3;-10;-0.2;-10;-0.2
95;R;E;0.3467741935483871;-151.9;163.0;-12;-1.5;-12;-3.2;-2;-0.3;2;-0.3
96;M;E;0.6542553191489362;-76.8;135.4;-2;-0.3;2;-0.3;-14;-0.3;-14;-0.3
97;L;E;0.12195121951219512;-134.1;174.7;-16;-4.2;-16;-3.9;-2;-0.3;2;-0.5
98;L;E;0.34146341463414637;-110.3;130.8;-2;-0.3;12;-0.5;-18;-0.2;2;-0.4
99;L;-;0.042682926829268296;-72.4;134.8;-20;-3.3;10;-0.2;-2;-0.5;3;-0.1
100;K;-;0.44390243902439025;-119.6;-0.8;8;-2.8;2;-0.3;1;-0.4;9;-0.2
101;G;E;0.2619047619047619;174.8;147.3;7;-1.0;7;-3.0;-22;-0.1;-1;-0.4
102;F;E;0.3350253807106599;-149.3;150.7;-2;-0.3;2;-0.3;5;-0.2;5;-0.2
103;G;E;0.2976190476190476;178.8;-155.7;3;-1.4;3;-1.5;-2;-0.3;-2;-0.0
104;K;T;0.8195121951219512;-60.4;-22.8;-2;-0.3;3;-0.1;1;-0.3;-45;-0.0
105;D;T;0.6012269938650306;-94.3;-6.7;1;-0.3;2;-0.3;107;-0.1;-1;-0.3
106;G;E;0.011904761904761904;122.3;-166.6;-3;-1.5;-3;-1.4;106;-0.1;2;-0.5
107;F;E;0.0;-107.0;118.5;104;-2.3;104;-2.6;-2;-0.3;2;-0.4
108;R;E;0.2540322580645161;-104.0;138.8;-7;-3.0;-8;-2.8;-2;-0.5;-7;-1.0
109;F;E;0.0;-149.5;159.0;100;-2.1;100;-3.3;-2;-0.4;2;-0.4
110;F;E;0.17258883248730963;-122.6;135.1;-12;-0.5;2;-0.3;-2;-0.3;98;-0.2
111;T;E;0.04929577464788732;-156.0;177.8;96;-2.2;96;-2.4;-2;-0.4;2;-0.5
112;N;E;0.03821656050955414;-83.3;127.8;-2;-0.3;3;-1.3;94;-0.2;6;-0.5
113;F;T;0.2233502538071066;-66.6;-19.4;92;-3.7;9;-0.2;-2;-0.5;93;-0.1
114;E;T;0.5;-96.6;-4.7;91;-0.6;-1;-0.3;4;-0.2;92;-0.1
115;S;S;0.0;-65.6;164.4;-3;-1.3;4;-2.6;90;-0.2;5;-0.2
116;R;H;0.5443548387096774;-50.9;-46.1;2;-0.2;4;-2.1;1;-0.2;5;-0.2
117;K;H;0.00975609756097561;-65.0;-44.4;2;-0.2;4;-2.7;1;-0.2;5;-0.2
118;G;H;0.0;-57.0;-43.5;-6;-0.5;4;-1.6;2;-0.2;-1;-0.2
119;K;H;0.6780487804878049;-67.1;-38.1;-4;-2.6;4;-1.7;1;-0.2;-2;-0.2
120;E;H;0.03608247422680412;-67.0;-39.7;-4;-2.1;4;-2.8;1;-0.2;-1;-0.2
121;L;H;0.042682926829268296;-70.2;-28.9;-4;-2.7;-1;-0.2;1;-0.2;-2;-0.2
122;D;H;0.754601226993865;-67.3;-41.2;-4;-1.6;-1;-0.2;-5;-0.2;-2;-0.2
123;S;H;0.4846153846153846;-88.7;-29.9;-4;-1.7;-2;-0.2;1;-0.3;-3;-0.2
124;N;S;0.2611464968152866;-138.5;87.8;-4;-2.8;2;-2.6;-5;-0.2;-38;-0.3
125;P;-;0.4338235294117647;-78.9;50.2;0;0.0;21;-1.9;0;0.0;2;-0.4
126;F;E;0.5329949238578681;-127.5;142.3;-2;-2.6;-40;-0.4;19;-0.3;2;-0.3
127;A;E;0.08490566037735849;-146.1;162.2;17;-2.3;17;-2.0;-2;-0.4;2;-0.4
128;S;E;0.2076923076923077;-123.8;129.7;-44;-2.0;-44;-2.9;-2;-0.3;2;-0.4
129;L;E;0.0;-107.7;140.0;13;-3.4;13;-2.6;-2;-0.4;2;-0.4
130;V;E;0.2605633802816901;-128.4;126.5;-48;-1.9;-48;-2.6;-2;-0.4;2;-0.5
131;F;E;0.0;-108.0;120.6;9;-2.8;9;-2.4;-2;-0.4;2;-0.5
132;Y;E;0.4774774774774775;-123.2;112.8;-2;-0.5;2;-0.8;-52;-0.3;7;-0.2
133;W;E;0.02643171806167401;-105.5;85.7;5;-2.7;5;-1.5;-2;-0.5;3;-1.5
134;E;G;0.28350515463917525;-54.0;-46.7;-2;-0.8;3;-1.3;1;-0.3;-1;-0.2
135;P;G;0.3382352941176471;-60.7;-23.4;0;0.0;-1;-0.3;0;0.0;-60;-0.1
136;L;G;0.12804878048780488;-98.3;-9.1;-3;-1.5;-2;-0.2;2;-0.2;3;-0.1
137;N;T;0.10828025477707007;56.7;41.2;-3;-1.3;84;-2.5;-4;-0.7;2;-0.4
138;R;E;0.09274193548387097;-125.3;145.7;-5;-1.5;-5;-2.7;82;-0.2;2;-0.4
139;Q;E;0.25757575757575757;-140.0;136.0;80;-2.7;80;-3.2;-2;-0.4;2;-0.4
140;V;E;0.0;-121.6;131.2;-9;-2.4;-9;-2.8;-2;-0.4;2;-0.5
141;R;E;0.29435483870967744;-112.7;132.8;76;-2.4;76;-2.6;-2;-0.4;2;-0.4
142;V;E;0.0;-126.0;129.2;-13;-2.6;-13;-3.4;-2;-0.5;2;-0.4
143;E;E;0.32989690721649484;-130.6;143.1;72;-2.6;71;-3.8;-2;-0.4;72;-1.8
144;G;E;0.047619047619047616;165.4;-179.8;-17;-2.0;-17;-2.3;-2;-0.4;2;-0.1
145;P;E;0.22794117647058823;-68.8;151.0;0;0.0;67;-3.2;0;0.0;2;-0.4
146;V;E;0.06338028169014084;-121.9;139.6;-21;-1.9;2;-0.3;65;-0.2;65;-0.2
147;K;E;0.624390243902439;-130.1;152.8;63;-2.3;63;-2.6;-2;-0.4;2;-0.2
148;K;E;0.5414634146341464;-72.0;141.8;-2;-0.3;61;-0.3;61;-0.2;3;-0.1
149;L;P;0.10975609756097561;-76.0;154.6;59;-3.2;59;-0.2;-2;-0.2;-1;-0.1
150;P;P;0.4411764705882353;-58.5;149.0;0;0.0;4;-1.9;0;0.0;3;-0.4
151;E;H;0.6288659793814433;-57.5;-37.4;1;-0.2;4;-2.7;2;-0.2;5;-0.2
152;E;H;0.7061855670103093;-64.4;-42.0;1;-0.2;4;-2.4;2;-0.2;-1;-0.2
153;E;H;0.41237113402061853;-66.1;-41.5;-3;-0.4;4;-2.2;2;-0.2;-1;-0.2
154;A;H;0.018867924528301886;-63.4;-41.6;-4;-1.9;4;-2.7;2;-0.2;-2;-0.2
155;E;H;0.4484536082474227;-64.8;-43.4;-4;-2.7;4;-2.2;2;-0.2;-2;-0.2
156;C;H;0.7037037037037037;-59.1;-45.9;-4;-2.4;4;-0.6;-5;-0.2;-1;-0.2
157;Y;H;0.22522522522522523;-67.0;-44.1;-4;-2.2;3;-1.2;2;-0.2;4;-0.8
158;F;H;0.0;-52.4;-41.4;-4;-2.7;3;-1.0;1;-0.3;-1;-0.2
159;H;H;0.266304347826087;-87.3;-5.8;-4;-2.2;-1;-0.3;1;-0.3;-2;-0.2
160;S;H;0.6461538461538462;-84.5;-14.4;-3;-1.2;-1;-0.3;-4;-0.6;-2;-0.2
161;R;S;0.1975806451612903;-78.4;149.2;-3;-1.0;5;-0.1;-4;-0.8;-3;-0.0
162;P;-;0.6323529411764706;-53.3;148.6;0;0.0;4;-2.1;0;0.0;3;-0.8
163;K;H;0.3853658536585366;-54.9;-40.0;1;-0.3;4;-2.7;2;-0.2;5;-0.2
164;S;H;0.5846153846153846;-61.4;-36.8;1;-0.2;4;-2.0;2;-0.2;-1;-0.3
165;S;H;0.3384615384615385;-69.5;-40.3;-3;-0.8;4;-1.6;2;-0.2;-1;-0.2
166;Q;H;0.08080808080808081;-57.3;-47.4;-4;-2.1;4;-0.9;2;-0.2;3;-0.3
167;I;H;0.023668639053254437;-63.0;-40.1;-4;-2.7;4;-1.6;1;-0.2;3;-0.9
168;G;H;0.4166666666666667;-55.8;-38.5;-4;-2.0;4;-0.6;1;-0.3;-1;-0.2
169;A;H;0.16037735849056603;-69.5;-22.4;-4;-1.6;-1;-0.3;-3;-0.3;5;-0.2
170;V;H;0.30985915492957744;-99.7;-17.5;-4;-0.9;-2;-0.2;-3;-0.9;-1;-0.2
171;V;H;0.15492957746478872;-63.2;-37.2;-4;-1.6;2;-0.3;-5;-0.1;-2;-0.1
172;S;S;0.27692307692307694;-151.0;162.0;-4;-0.6;2;-0.8;-3;-0.1;-1;-0.1
173;H;-;0.657608695652174;-80.2;109.8;-2;-0.3;3;-1.9;4;-0.1;-3;-0.1
174;Q;T;0.3484848484848485;-51.9;127.2;-2;-0.8;3;-0.1;1;-0.2;-1;-0.0
175;S;T;0.6384615384615384;86.7;7.7;1;-0.3;2;-0.3;-60;-0.1;-1;-0.2
176;S;-;0.45384615384615384;-90.2;146.6;-3;-1.9;2;-0.3;1;-0.0;-1;-0.3
177;V;-;1.0;-69.5;129.1;-2;-0.3;-4;-0.1;-3;-0.1;-1;-0.0
178;I;-;0.33727810650887574;-119.4;161.6;-2;-0.3;3;-0.1;1;-0.1;-6;-0.0
179;P;S;0.7720588235294118;-67.6;-41.6;0;0.0;2;-0.3;0;0.0;-1;-0.1
180;D;-;0.5276073619631901;-177.9;178.1;1;-0.1;4;-0.8;-3;-0.0;3;-0.6
181;R;H;0.6854838709677419;-65.6;-30.0;-2;-0.3;4;-1.8;1;-0.2;3;-0.5
182;E;H;0.4639175257731959;-65.6;-32.7;1;-0.3;4;-2.4;2;-0.2;-1;-0.2
183;Y;H;0.36936936936936937;-55.4;-45.6;-3;-0.6;4;-2.1;1;-0.2;-1;-0.3
184;L;H;0.24390243902439024;-67.5;-40.8;-4;-0.8;4;-2.8;-3;-0.5;-2;-0.2
185;R;H;0.4798387096774194;-61.1;-44.1;-4;-1.8;4;-2.4;2;-0.2;-1;-0.2
186;K;H;0.6292682926829268;-65.5;-45.0;-4;-2.4;4;-2.5;2;-0.2;-2;-0.2
187;K;H;0.375609756097561;-64.1;-43.0;-4;-2.1;4;-2.5;-5;-0.2;5;-0.2
188;N;H;0.3184713375796178;-57.6;-50.2;-4;-2.8;4;-2.6;2;-0.2;-1;-0.2
189;E;H;0.5670103092783505;-58.0;-44.5;-4;-2.4;4;-2.1;2;-0.2;-2;-0.2
190;E;H;0.5360824742268041;-58.1;-46.4;-4;-2.5;4;-2.3;2;-0.2;-2;-0.2
191;L;H;0.15853658536585366;-73.1;-34.3;-4;-2.5;4;-2.7;2;-0.2;-2;-0.2
192;E;H;0.44329896907216493;-60.0;-42.3;-4;-2.6;-1;-0.2;-5;-0.2;-2;-0.2
193;Q;H;0.7272727272727273;-68.8;-41.3;-4;-2.1;3;-0.9;2;-0.2;4;-0.3
194;L;H;0.5304878048780488;-63.3;-38.3;-4;-2.3;3;-0.3;1;-0.2;-2;-0.2
195;Y;T;0.13963963963963963;-109.6;18.0;-4;-2.7;3;-0.4;1;-0.2;-1;-0.2
196;Q;S;0.6414141414141414;-53.6;-40.5;-3;-0.9;-1;-0.2;1;-0.2;-2;-0.1
197;D;S;0.9079754601226994;-125.0;15.2;-4;-0.3;2;-0.3;-3;-0.3;-1;-0.2
198;Q;S;0.601010101010101;-124.2;153.1;-3;-0.4;2;-0.3;0;0.0;-4;-0.0
199;E;P;0.7216494845360825;-71.0;134.9;-2;-0.3;-2;-0.1;1;-0.1;-3;-0.1
200;V;P;0.007042253521126761;-79.1;120.0;-2;-0.3;2;-0.2;-5;-0.1;-1;-0.1
201;P;P;0.5147058823529411;-71.5;137.9;0;0.0;-1;-0.0;0;0.0;-46;-0.0
202;K;P;0.15121951219512195;-63.5;123.6;-2;-0.2;2;-0.1;1;-0.1;-47;-0.1
203;P;P;0.17647058823529413;-63.9;145.0;0;0.0;3;-1.6;0;0.0;-1;-0.1
204;K;T;0.9560975609756097;-61.8;-28.6;1;-0.3;-91;-0.1;-2;-0.1;-2;-0.0
205;S;T;0.17692307692307693;-82.0;-4.9;-93;-0.1;-92;-3.7;-92;-0.1;-91;-0.6
206;W;E;0.07488986784140969;-109.4;134.8;-3;-1.6;2;-0.3;-94;-0.3;-94;-0.2
207;G;E;0.011904761904761904;-170.9;-169.4;-96;-2.4;-96;-2.2;-2;-0.4;2;-0.3
208;G;E;0.0;-117.3;151.4;-2;-0.3;-59;-3.2;-59;-0.2;2;-0.3
209;Y;E;0.02702702702702703;-117.2;154.1;-100;-3.3;-100;-2.1;-2;-0.3;2;-0.4
210;V;E;0.02112676056338028;-130.3;123.1;-63;-2.6;-63;-2.3;-2;-0.3;2;-0.5
211;L;E;0.0;-89.3;126.9;-104;-2.6;-104;-2.3;-2;-0.4;-65;-0.2
212;Y;-;0.40540540540540543;-96.4;110.7;-67;-3.2;-106;-0.1;-2;-0.5;-107;-0.1
213;P;-;0.04411764705882353;-67.5;130.3;0;0.0;-69;-0.2;0;0.0;3;-0.1
214;Q;S;0.46464646464646464;-112.4;-24.9;-71;-3.8;20;-2.6;1;-0.4;2;-0.4
215;V;E;0.2887323943661972;-137.6;133.6;-72;-1.8;-72;-2.6;18;-0.2;2;-0.4
216;M;E;0.0;-135.0;123.4;16;-2.7;16;-3.7;-2;-0.4;2;-0.5
217;E;E;0.061855670103092786;-115.9;132.3;-76;-2.6;-76;-2.4;-2;-0.4;2;-0.6
218;F;E;0.0;-108.6;118.7;12;-2.9;12;-2.3;-2;-0.5;2;-0.4
219;W;E;0.14537444933920704;-117.5;128.5;-80;-3.2;-80;-2.7;-2;-0.6;2;-0.4
220;Q;E;0.020202020202020204;-125.4;126.3;8;-2.2;8;-2.4;-2;-0.4;-82;-0.2
221;G;-;0.0;-72.9;141.4;-84;-2.5;-179;-1.1;-2;-0.4;2;-0.3
222;Q;B;0.025252525252525252;-122.7;147.1;-181;-0.2;3;-1.8;1;-0.1;-179;-0.2
223;T;T;0.43661971830985913;-59.2;-34.3;-181;-2.9;-180;-0.1;-2;-0.3;-1;-0.1
224;N;T;0.6114649681528662;-89.9;-2.2;-182;-0.3;-1;-0.3;2;-0.1;3;-0.1
225;R;S;0.39919354838709675;82.8;9.4;-3;-1.8;2;-1.3;1;-0.2;-2;-0.1
226;L;-;0.6646341463414634;-85.2;71.5;35;-0.1;-1;-0.2;34;-0.0;-2;-0.1
227;H;-;0.17391304347826086;-68.2;156.1;-2;-1.3;2;-0.5;-5;-0.2;-6;-0.2
228;D;E;0.09815950920245399;-96.3;125.3;-8;-2.4;-8;-2.2;32;-0.1;2;-0.4
229;R;E;0.22580645161290322;-136.7;114.9;30;-0.6;30;-3.2;-2;-0.5;2;-0.5
230;I;E;0.0;-118.1;125.1;-12;-2.3;-12;-2.9;-2;-0.4;2;-0.4
231;V;E;0.09859154929577464;-115.8;132.2;26;-2.9;26;-2.1;-2;-0.5;2;-0.4
232;F;E;0.0;-102.1;133.9;-16;-3.7;-16;-2.7;-2;-0.4;2;-0.4
233;R;E;0.36693548387096775;-134.9;142.1;22;-2.4;22;-2.4;-2;-0.4;2;-0.2
234;R;E;0.4435483870967742;-73.3;133.4;-20;-2.6;20;-0.2;-2;-0.4;-20;-0.1
235;G;-;0.39285714285714285;148.0;78.0;18;-2.3;19;-0.1;-2;-0.2;3;-0.1
236;L;-;0.36585365853658536;-72.7;119.9;17;-0.1;19;-0.1;1;-0.1;17;-0.0
237;P;-;0.36764705882352944;-41.7;113.4;0;0.0;2;-0.5;0;0.0;-2;-0.1
238;T;S;1.0;-57.7;116.1;-3;-0.1;3;-0.4;2;-0.0;2;-0.2
239;G;S;0.8095238095238095;108.3;-153.5;-2;-0.5;0;0.0;1;-0.2;0;0.0
240;D;S;1.0;-90.9;11.3;-2;-0.2;-1;-0.2;2;-0.1;-2;-0.0
241;S;-;0.5692307692307692;-68.6;114.3;-3;-0.4;3;-0.1;1;-0.0;2;-0.1
242;P;P;0.8529411764705882;-62.7;140.5;0;0.0;2;-0.1;0;0.0;-2;-0.1
243;L;P;0.27439024390243905;-58.8;129.7;1;-0.1;6;-0.0;4;-0.1;-7;-0.0
244;G;P;0.44047619047619047;-48.0;154.7;-2;-0.1;3;-1.7;1;-0.1;-1;-0.1
245;P;T;0.9485294117647058;-57.5;-22.6;0;0.0;-1;-0.1;0;0.0;-2;-0.1
246;M;T;0.7925531914893617;-101.4;-1.7;2;-0.0;2;-0.5;11;-0.0;12;-0.4
247;T;-;0.14084507042253522;-105.0;128.4;-3;-1.7;2;-0.3;10;-0.1;10;-0.2
248;H;E;0.42934782608695654;-115.3;152.4;8;-2.3;8;-2.3;-2;-0.5;2;-0.4
249;R;E;0.7137096774193549;-81.2;130.2;-2;-0.3;6;-0.2;6;-0.2;2;-0.1
250;G;-;0.17857142857142858;-98.1;-171.6;4;-3.0;2;-0.3;-2;-0.4;-193;-0.2
251;E;S;0.3865979381443299;-73.7;140.3;-195;-2.2;3;-1.2;-2;-0.1;2;-0.2
252;E;T;0.5979381443298969;63.4;-123.5;-2;-0.3;-2;-0.1;1;-0.2;-195;-0.0
253;D;T;0.5337423312883436;-103.5;28.0;-2;-0.2;-18;-2.3;-4;-0.1;2;-0.3
254;W;E;0.00881057268722467;-99.2;141.4;-3;-1.2;-4;-3.0;-20;-0.2;2;-0.3
255;L;E;0.006097560975609756;-111.6;154.2;-22;-2.4;-22;-2.4;-2;-0.3;2;-0.3
256;Y;E;0.12612612612612611;-142.8;154.1;-8;-2.3;-8;-2.3;-2;-0.3;2;-0.3
257;E;E;0.2268041237113402;-145.0;152.0;-26;-2.1;-26;-2.9;-2;-0.3;2;-0.5
258;R;E;0.33064516129032256;-89.7;132.1;-12;-0.4;2;-0.4;-2;-0.3;-28;-0.2
259;L;E;0.3231707317073171;-103.1;140.7;-30;-3.2;-30;-0.6;-2;-0.5;-2;-0.0
260;A;P;0.7452830188679245;-61.4;142.5;-2;-0.4;-32;-0.1;1;-0.1;-34;-0.0
261;P;-;0.5735294117647058;-54.7;360.0;0;0.0;-1;-0.1;0;0.0;-35;-0.1
